image: orchard_mdl_08823_1049.pgm
resolution: 0.050000
origin: [-7.183255, -15.159473, 0.000000]
negate: 0
occupied_thresh: 0.65
free_thresh: 0.196

