image: orchard_mdl_a08823_1206.pgm
resolution: 0.050000
origin: [-6.498877, -10.658131, 0.000000]
negate: 0
occupied_thresh: 0.65
free_thresh: 0.196

