image: orchard_mdl_a08823_1205.pgm
resolution: 0.050000
origin: [-6.871645, -11.168934, 0.000000]
negate: 0
occupied_thresh: 0.65
free_thresh: 0.196

