image: wrhouse_080723_0031.pgm
resolution: 0.050000
origin: [-12.012422, -12.861248, 0.000000]
negate: 0
occupied_thresh: 0.65
free_thresh: 0.196

