image: wrhouse_070823_0032.pgm
resolution: 0.050000
origin: [-10.218315, -12.157906, 0.000000]
negate: 0
occupied_thresh: 0.65
free_thresh: 0.196

