image: wrhouse080723_00.38.pgm
resolution: 0.050000
origin: [-11.766569, -9.473953, 0.000000]
negate: 0
occupied_thresh: 0.65
free_thresh: 0.196

