image: ind_082523_b.pgm
resolution: 0.050000
origin: [-5.542275, -5.884211, 0.000000]
negate: 0
occupied_thresh: 0.65
free_thresh: 0.196

