image: ind_082523_a.pgm
resolution: 0.050000
origin: [-5.857928, -5.740580, 0.000000]
negate: 0
occupied_thresh: 0.65
free_thresh: 0.196

