image: wrhouse_082123_0931.pgm
resolution: 0.050000
origin: [-7.724176, -6.596999, 0.000000]
negate: 0
occupied_thresh: 0.65
free_thresh: 0.196

