image: wrhouse_082023_1750.pgm
resolution: 0.050000
origin: [-8.311568, -5.729181, 0.000000]
negate: 0
occupied_thresh: 0.65
free_thresh: 0.196

