image: ind_082523_cmap.pgm
resolution: 0.050000
origin: [-8.730444, -13.098181, 0.000000]
negate: 0
occupied_thresh: 0.65
free_thresh: 0.196

