image: /home/andi/wrhouse_082023_2139.pgm
resolution: 0.050000
origin: [-5.537341, -5.334249, 0.000000]
negate: 0
occupied_thresh: 0.65
free_thresh: 0.196

