image: /home/andi/wrhouse_082023_2152.db.pgm
resolution: 0.050000
origin: [-5.150476, -6.448580, 0.000000]
negate: 0
occupied_thresh: 0.65
free_thresh: 0.196

