image: /home/andi/wrhouse_082023_2110.db.pgm
resolution: 0.050000
origin: [-5.824999, -4.747764, 0.000000]
negate: 0
occupied_thresh: 0.65
free_thresh: 0.196

